{
 "cells": [
  {
   "cell_type": "code",
   "execution_count": 1,
   "metadata": {},
   "outputs": [],
   "source": [
    "from odometry_functions_dataloader_stereoimage_dataset import *\n",
    "from HelperFunctions import *\n",
    "import matplotlib.pyplot as plt\n",
    "import numpy as np\n",
    "import cv2\n",
    "import os\n",
    "import math\n",
    "import sympy as sym\n",
    "from scipy.optimize import least_squares"
   ]
  },
  {
   "cell_type": "code",
   "execution_count": 2,
   "metadata": {},
   "outputs": [],
   "source": [
    "feature_params = dict( maxCorners = 100,\n",
    "                       qualityLevel = 0.6,\n",
    "                       minDistance = 7,\n",
    "                       blockSize = 7,\n",
    "                       useHarrisDetector=False)\n",
    "lk_params_1 = dict( winSize  = (15,15),\n",
    "                  maxLevel = 6,\n",
    "                  criteria = (cv2.TERM_CRITERIA_EPS | cv2.TERM_CRITERIA_COUNT, 50, 0.03))\n",
    "\n",
    "thresh = 180\n",
    "disparity_threshold_low = 10\n",
    "disparity_threshold_high = 25"
   ]
  },
  {
   "cell_type": "markdown",
   "metadata": {},
   "source": [
    "## VO using Feature matching with scipy.least_squares"
   ]
  },
  {
   "cell_type": "code",
   "execution_count": 3,
   "metadata": {},
   "outputs": [
    {
     "name": "stdout",
     "output_type": "stream",
     "text": [
      "Created matcher\n",
      "CODE STARTED\n",
      "---\n",
      "0\n",
      "---\n",
      "1\n",
      "Number of features =  273\n",
      "transformation between the t-1 & t: \n",
      "[[-9.53750840e-01 -7.17553195e-02  2.91908390e-01  2.42750043e+01]\n",
      " [ 8.75143182e-02 -9.95307843e-01  4.12739844e-02  1.01508769e+01]\n",
      " [ 2.87577082e-01  6.49112610e-02  9.55555310e-01  7.94581086e+01]\n",
      " [ 0.00000000e+00  0.00000000e+00  0.00000000e+00  1.00000000e+00]]\n",
      "Position at time t: \n",
      "Ground truth position at time t : \n",
      "[[-9.53750840e-01 -7.17553195e-02  2.91908390e-01  2.42750043e+01]\n",
      " [ 8.75143182e-02 -9.95307843e-01  4.12739844e-02  1.01508769e+01]\n",
      " [ 2.87577082e-01  6.49112610e-02  9.55555310e-01  7.94581086e+01]\n",
      " [ 0.00000000e+00  0.00000000e+00  0.00000000e+00  0.00000000e+00]]\n",
      "[[ 9.999978e-01  5.272628e-04 -2.066935e-03 -4.690294e-02]\n",
      " [-5.296506e-04  9.999992e-01 -1.154865e-03 -2.839928e-02]\n",
      " [ 2.066324e-03  1.155958e-03  9.999971e-01  8.586941e-01]\n",
      " [ 0.000000e+00  0.000000e+00  0.000000e+00  1.000000e+00]]\n",
      "---\n",
      "2\n",
      "Number of features =  273\n",
      "transformation between the t-1 & t: \n",
      "[[-9.83265821e-01  1.26665818e-01  1.30935461e-01  1.53721411e+01]\n",
      " [-1.31918377e-01 -9.90736905e-01 -3.22168660e-02  1.73820138e+01]\n",
      " [ 1.25641818e-01 -4.89505367e-02  9.90867286e-01  1.30094353e+02]\n",
      " [ 0.00000000e+00  0.00000000e+00  0.00000000e+00  1.00000000e+00]]\n",
      "Position at time t: \n",
      "Ground truth position at time t : \n",
      "[[ 9.83932350e-01 -6.40060601e-02  1.66674400e-01  4.63421929e+01]\n",
      " [ 5.04352956e-02  9.95152901e-01  8.44214679e-02 -4.34783023e-01]\n",
      " [-1.71269998e-01 -7.46587406e-02  9.82391297e-01  2.09319422e+02]\n",
      " [ 0.00000000e+00  0.00000000e+00  0.00000000e+00  0.00000000e+00]]\n",
      "[[ 9.999910e-01  1.048972e-03 -4.131348e-03 -9.374345e-02]\n",
      " [-1.058514e-03  9.999968e-01 -2.308104e-03 -5.676064e-02]\n",
      " [ 4.128913e-03  2.312456e-03  9.999887e-01  1.716275e+00]\n",
      " [ 0.000000e+00  0.000000e+00  0.000000e+00  1.000000e+00]]\n",
      "---\n",
      "3\n",
      "Number of features =  273\n",
      "transformation between the t-1 & t: \n",
      "[[-0.96097668 -0.17161276  0.21696285 32.49195208]\n",
      " [ 0.20226683 -0.97094405  0.12788972 10.26960897]\n",
      " [ 0.18871128  0.16678343  0.96776616 87.70474336]\n",
      " [ 0.          0.          0.          1.        ]]\n",
      "Position at time t: \n",
      "Ground truth position at time t : \n",
      "[[-9.27029007e-01 -7.89105187e-02  3.66592896e-01  9.22728939e+01]\n",
      " [ 1.68750568e-01 -9.60813025e-01  2.19912656e-01  1.88279525e+01]\n",
      " [ 3.34873807e-01  2.65728170e-01  9.04017739e-01  2.89148186e+02]\n",
      " [ 0.00000000e+00  0.00000000e+00  0.00000000e+00  0.00000000e+00]]\n",
      "[[ 9.999796e-01  1.566466e-03 -6.198571e-03 -1.406429e-01]\n",
      " [-1.587952e-03  9.999927e-01 -3.462706e-03 -8.515762e-02]\n",
      " [ 6.193102e-03  3.472479e-03  9.999747e-01  2.574964e+00]\n",
      " [ 0.000000e+00  0.000000e+00  0.000000e+00  1.000000e+00]]\n",
      "---\n",
      "4\n",
      "Number of features =  284\n",
      "transformation between the t-1 & t: \n",
      "[[-9.67699485e-01  1.66667298e-01  1.89155277e-01  3.09100114e+01]\n",
      " [-1.59696609e-01 -9.85815401e-01  5.16235288e-02  9.98868139e+00]\n",
      " [ 1.95076139e-01  1.97486058e-02  9.80589258e-01  1.12030510e+02]\n",
      " [ 0.00000000e+00  0.00000000e+00  0.00000000e+00  1.00000000e+00]]\n",
      "Position at time t: \n",
      "Ground truth position at time t : \n",
      "[[ 9.81200761e-01 -6.94745164e-02  1.80050987e-01  1.03899794e+02]\n",
      " [ 3.30384561e-02  9.79652447e-01  1.97963489e-01  3.90837064e+01]\n",
      " [-1.90140808e-01 -1.88293320e-01  9.63531058e-01  4.03430982e+02]\n",
      " [ 0.00000000e+00  0.00000000e+00  0.00000000e+00  0.00000000e+00]]\n",
      "[[ 9.999637e-01  2.078471e-03 -8.263498e-03 -1.874858e-01]\n",
      " [-2.116664e-03  9.999871e-01 -4.615826e-03 -1.135202e-01]\n",
      " [ 8.253797e-03  4.633149e-03  9.999551e-01  3.432648e+00]\n",
      " [ 0.000000e+00  0.000000e+00  0.000000e+00  1.000000e+00]]\n",
      "---\n",
      "5\n",
      "Number of features =  287\n",
      "transformation between the t-1 & t: \n",
      "[[-9.94177909e-01 -3.04351489e-04  1.07750605e-01  4.02446884e+01]\n",
      " [ 6.88905720e-03 -9.98129625e-01  6.07436609e-02  1.68475392e+01]\n",
      " [ 1.07530584e-01  6.11323059e-02  9.92320520e-01  1.43608681e+02]\n",
      " [ 0.00000000e+00  0.00000000e+00  0.00000000e+00  1.00000000e+00]]\n",
      "Position at time t: \n",
      "Ground truth position at time t : \n",
      "[[-9.56605747e-01  8.00528751e-02  2.80173129e-01  1.68074323e+02]\n",
      " [-4.81009187e-03 -9.65728221e-01  2.59510823e-01  8.53473373e+01]\n",
      " [ 2.91345685e-01  2.46901886e-01  9.24206227e-01  5.30977969e+02]\n",
      " [ 0.00000000e+00  0.00000000e+00  0.00000000e+00  0.00000000e+00]]\n",
      "[[ 9.999433e-01  2.586172e-03 -1.033094e-02 -2.343818e-01]\n",
      " [-2.645881e-03  9.999798e-01 -5.770163e-03 -1.419150e-01]\n",
      " [ 1.031581e-02  5.797170e-03  9.999299e-01  4.291335e+00]\n",
      " [ 0.000000e+00  0.000000e+00  0.000000e+00  1.000000e+00]]\n",
      "---\n",
      "6\n",
      "Number of features =  302\n",
      "transformation between the t-1 & t: \n",
      "[[-6.46320792e-01  7.14711942e-01  2.67313063e-01  6.34709988e+01]\n",
      " [-7.39041765e-01 -6.73516457e-01  1.38870731e-02  1.15895093e+01]\n",
      " [ 1.89965004e-01 -1.88580014e-01  9.63509665e-01  2.19161192e+02]\n",
      " [ 0.00000000e+00  0.00000000e+00  0.00000000e+00  1.00000000e+00]]\n",
      "Position at time t: \n",
      "Ground truth position at time t : \n",
      "[[ 6.12334855e-01 -7.90449533e-01  1.53480050e-02  1.69688451e+02]\n",
      " [ 7.66120326e-01  5.98057465e-01  2.35344247e-01  1.30724421e+02]\n",
      " [-1.95206739e-01 -1.32351067e-01  9.71790885e-01  7.54881581e+02]\n",
      " [ 0.00000000e+00  0.00000000e+00  0.00000000e+00  0.00000000e+00]]\n",
      "[[ 9.999184e-01  3.088363e-03 -1.239599e-02 -2.812195e-01]\n",
      " [-3.174350e-03  9.999710e-01 -6.922975e-03 -1.702743e-01]\n",
      " [ 1.237425e-02  6.961759e-03  9.998991e-01  5.148987e+00]\n",
      " [ 0.000000e+00  0.000000e+00  0.000000e+00  1.000000e+00]]\n",
      "---\n",
      "7\n",
      "Number of features =  288\n",
      "transformation between the t-1 & t: \n",
      "[[-2.33461068e-01  9.54522718e-01  1.85424674e-01  4.99941379e+01]\n",
      " [-9.67542348e-01 -2.47011143e-01  5.33600895e-02  7.11255756e+00]\n",
      " [ 9.67353782e-02 -1.66948721e-01  9.81208638e-01  2.32459815e+02]\n",
      " [ 0.00000000e+00  0.00000000e+00  0.00000000e+00  1.00000000e+00]]\n",
      "Position at time t: \n",
      "Ground truth position at time t : \n",
      "[[ 6.23321743e-01  7.77175043e-01  8.64231279e-02  1.98247281e+02]\n",
      " [-7.34739079e-01  5.44261977e-01  4.04891819e-01  2.27987744e+02]\n",
      " [ 2.67634995e-01 -3.15876324e-01  9.10271200e-01  9.70083363e+02]\n",
      " [ 0.00000000e+00  0.00000000e+00  0.00000000e+00  0.00000000e+00]]\n",
      "[[ 9.998890e-01  3.586305e-03 -1.446384e-02 -3.281178e-01]\n",
      " [-3.703403e-03  9.999605e-01 -8.077186e-03 -1.986703e-01]\n",
      " [ 1.443430e-02  8.129853e-03  9.998627e-01  6.007777e+00]\n",
      " [ 0.000000e+00  0.000000e+00  0.000000e+00  1.000000e+00]]\n",
      "---\n",
      "8\n",
      "Number of features =  298\n",
      "transformation between the t-1 & t: \n",
      "[[-8.40654511e-01  5.10323143e-01  1.81301636e-01  1.50003542e+01]\n",
      " [-5.07862311e-01 -8.59105952e-01  6.33469561e-02 -1.54639458e+00]\n",
      " [ 1.88084732e-01 -3.88233635e-02  9.81385184e-01  1.21429211e+02]\n",
      " [ 0.00000000e+00  0.00000000e+00  0.00000000e+00  1.00000000e+00]]\n",
      "Position at time t: \n",
      "Ground truth position at time t : \n",
      "[[-9.02441277e-01 -3.52935431e-01  2.47055302e-01  2.16889801e+02]\n",
      " [ 4.17405545e-01 -8.58252323e-01  2.98622775e-01  2.65290448e+02]\n",
      " [ 1.06641229e-01  3.72611772e-01  9.21839528e-01  1.08511997e+03]\n",
      " [ 0.00000000e+00  0.00000000e+00  0.00000000e+00  0.00000000e+00]]\n",
      "[[ 9.998551e-01  4.078705e-03 -1.652913e-02 -3.749547e-01]\n",
      " [-4.231669e-03  9.999484e-01 -9.229794e-03 -2.270290e-01]\n",
      " [ 1.649063e-02  9.298401e-03  9.998207e-01  6.865477e+00]\n",
      " [ 0.000000e+00  0.000000e+00  0.000000e+00  1.000000e+00]]\n",
      "---\n",
      "9\n",
      "Number of features =  291\n",
      "transformation between the t-1 & t: \n",
      "[[-9.83743657e-01  1.79573078e-01  1.38820388e-03  1.33148944e+01]\n",
      " [-1.79577201e-01 -9.83736212e-01 -3.88499112e-03  6.76501965e+00]\n",
      " [ 6.67986619e-04 -4.07112514e-03  9.99991490e-01  8.73167894e+01]\n",
      " [ 0.00000000e+00  0.00000000e+00  0.00000000e+00  1.00000000e+00]]\n",
      "Position at time t: \n",
      "Ground truth position at time t : \n",
      "[[ 9.51315069e-01  1.84135413e-01  2.47171578e-01  2.24058351e+02]\n",
      " [-2.56298032e-01  9.18032957e-01  3.02533980e-01  2.91116847e+02]\n",
      " [-1.71204435e-01 -3.51154723e-01  9.20532130e-01  1.16955268e+03]\n",
      " [ 0.00000000e+00  0.00000000e+00  0.00000000e+00  0.00000000e+00]]\n",
      "[[ 9.998167e-01  4.566671e-03 -1.859652e-02 -4.218367e-01]\n",
      " [-4.760342e-03  9.999347e-01 -1.038342e-02 -2.554151e-01]\n",
      " [ 1.854788e-02  1.047004e-02  9.997731e-01  7.724036e+00]\n",
      " [ 0.000000e+00  0.000000e+00  0.000000e+00  1.000000e+00]]\n",
      "---\n",
      "10\n"
     ]
    },
    {
     "ename": "IndexError",
     "evalue": "index 10 is out of bounds for axis 0 with size 10",
     "output_type": "error",
     "traceback": [
      "\u001b[0;31m---------------------------------------------------------------------------\u001b[0m",
      "\u001b[0;31mIndexError\u001b[0m                                Traceback (most recent call last)",
      "\u001b[0;32m<ipython-input-3-df33575a35cd>\u001b[0m in \u001b[0;36m<module>\u001b[0;34m\u001b[0m\n\u001b[1;32m     46\u001b[0m     \u001b[0mprint\u001b[0m\u001b[0;34m(\u001b[0m\u001b[0;34m\"---\"\u001b[0m\u001b[0;34m)\u001b[0m\u001b[0;34m\u001b[0m\u001b[0m\n\u001b[1;32m     47\u001b[0m     \u001b[0mprint\u001b[0m\u001b[0;34m(\u001b[0m\u001b[0mframeId\u001b[0m\u001b[0;34m)\u001b[0m\u001b[0;34m\u001b[0m\u001b[0m\n\u001b[0;32m---> 48\u001b[0;31m     \u001b[0mcurr\u001b[0m\u001b[0;34m[\u001b[0m\u001b[0;36m0\u001b[0m\u001b[0;34m]\u001b[0m \u001b[0;34m=\u001b[0m \u001b[0mleft_img_batch\u001b[0m\u001b[0;34m[\u001b[0m\u001b[0mframeId\u001b[0m\u001b[0;34m,\u001b[0m\u001b[0;34m:\u001b[0m\u001b[0;34m,\u001b[0m\u001b[0;34m:\u001b[0m\u001b[0;34m]\u001b[0m\u001b[0;34m\u001b[0m\u001b[0m\n\u001b[0m\u001b[1;32m     49\u001b[0m     \u001b[0mcurr\u001b[0m\u001b[0;34m[\u001b[0m\u001b[0;36m1\u001b[0m\u001b[0;34m]\u001b[0m \u001b[0;34m=\u001b[0m \u001b[0mright_img_batch\u001b[0m\u001b[0;34m[\u001b[0m\u001b[0mframeId\u001b[0m\u001b[0;34m,\u001b[0m\u001b[0;34m:\u001b[0m\u001b[0;34m,\u001b[0m\u001b[0;34m:\u001b[0m\u001b[0;34m]\u001b[0m\u001b[0;34m\u001b[0m\u001b[0m\n\u001b[1;32m     50\u001b[0m \u001b[0;34m\u001b[0m\u001b[0m\n",
      "\u001b[0;31mIndexError\u001b[0m: index 10 is out of bounds for axis 0 with size 10"
     ]
    }
   ],
   "source": [
    "numFrames = 10\n",
    "\n",
    "left_odom_dataloader = Data_load('left')\n",
    "right_odom_dataloader = Data_load('right')\n",
    "left_img_batch = left_odom_dataloader.read_batch(numFrames)\n",
    "right_img_batch = right_odom_dataloader.read_batch(numFrames)\n",
    "\n",
    "frame_id = left_odom_dataloader.index-1\n",
    "direc = left_odom_dataloader.img_path[frame_id].split('/')\n",
    "cam = StereoCam()\n",
    "cam.getCameraParams(direc[-3]) # sceneId 00 - 10\n",
    "\n",
    "nPts_opt = 40             \n",
    "nPts_track = 40\n",
    "dist_thr = [5,25]        # Disparity Distance Threshold\n",
    "currID = 0      # Current Frame ID \n",
    "prevID = 0      # Previous Frame ID\n",
    "\n",
    "# Image Variables : Left Frame, Right Frame, Disparity Map, Disparity Mask\n",
    "curr = [0,0,0,0] \n",
    "prev = [0,0,0,0]\n",
    "\n",
    "Position = [[1, 0, 0, 0],\n",
    "            [0, 1, 0, 0],\n",
    "            [0, 0, 1, 0],\n",
    "            [0, 0, 0, 0]]\n",
    "\n",
    "f = cam.f\n",
    "cx = cam.cx\n",
    "cy = cam.cy\n",
    "base = cam.base\n",
    "P1_roi = cam.P_left\n",
    "\n",
    "left_matcher = cv2.StereoBM_create(\\\n",
    "   numDisparities=160, blockSize=15)\n",
    "print(\"Created matcher\")\n",
    "\n",
    "inlier_detection = \"Inlier\"\n",
    "\n",
    "frameId = 0\n",
    "k = 0\n",
    "\n",
    "print (\"CODE STARTED\")\n",
    "while (frameId<=numFrames):\n",
    "    currID = frameId\n",
    "    print(\"---\")\n",
    "    print(frameId)\n",
    "    curr[0] = left_img_batch[frameId,:,:]\n",
    "    curr[1] = right_img_batch[frameId,:,:]\n",
    "\n",
    "    # Calculating Disparity\n",
    "    curr[2] = np.int16(left_matcher.compute(curr[0],curr[1]))\n",
    "\n",
    "#     plt.imshow(curr[2]),plt.show() # disparity image\n",
    "\n",
    "    # Normalizing Disparity Map for Visualization\n",
    "    disp_view = cv2.normalize(curr[2],None,beta=0,\\\n",
    "            alpha=np.amax(curr[2])/16, norm_type=cv2.NORM_MINMAX);        \n",
    "    disp_view = np.uint8(disp_view)\n",
    "\n",
    "    # Dynamic Disparity Mask Thresholding\n",
    "    temp_thr = dist_thr[0]\n",
    "    curr[3] = cv2.inRange(\\\n",
    "      disp_view,int(f*base/dist_thr[1]),int(f*base/dist_thr[0]))\n",
    "    while np.sum(curr[3]) < 20000000:\n",
    "        temp_thr -= 1\n",
    "        curr[3] = cv2.inRange(\\\n",
    "          disp_view,int(f*base/dist_thr[1]),int(f*base/temp_thr))\n",
    "        if temp_thr == 3:\n",
    "            break\n",
    "\n",
    "    rows = curr[3].shape[0]\n",
    "    cols = curr[3].shape[1]\n",
    "    curr[3][int(3*rows/4):,:] = 0\n",
    "    curr[3][:int(1*rows/10),:] = 0\n",
    "    curr[3][:,int(17*cols/20):] = 0\n",
    "\n",
    "#     plt.imshow(curr[3]),plt.show() # disparity mask\n",
    "\n",
    "    if currID == prevID + 1:\n",
    "        Pts_1 = find_keypoints(prev[0],prev[3],20,20,1)\n",
    "        print(\"Number of features = \",len(Pts_1))\n",
    "        Pts_1,Pts_2 = track_keypoints(\\\n",
    "         prev[0],curr[0],Pts_1,nPts_track)\n",
    "\n",
    "        \"\"\"\n",
    "        # VO using solvePnPRansac\n",
    "        Q = np.float32([[1,0,0,-cx],\n",
    "            [0,-1,0,cy],\n",
    "            [0,0,0,-f],\n",
    "            [0,0,1/base,0 ]])\n",
    "        points3d = cv2.reprojectImageTo3D(curr[2],Q)\n",
    "        Pts_1 = np.array(Pts_1,dtype=np.int)\n",
    "        Pts3D_1 = []\n",
    "        for x in Pts_1:\n",
    "            Pts3D_1.append(points3d[x[1],x[0]])\n",
    "        Pts3D_1 = np.array(Pts3D_1)\n",
    "\n",
    "        ret = cv2.solvePnPRansac(Pts3D_1,Pts_2,cam.P_left[:3,:3],distCoeffs=None)\n",
    "        print(ret[1].shape)\n",
    "        euler1, euler2, euler3 = ret[1][0][0], ret[1][1][0], ret[1][2][0]\n",
    "        Rmat = cv2.Rodrigues(np.array([ [euler1],[-euler2],[-euler3] ]))[0]\n",
    "        print(Rmat)\n",
    "        print(Rmat.shape)\n",
    "#         Rmat = genEulerZXZMatrix(-ret[1][0][0],ret[1][1][0],-ret[1][2][0])\n",
    "        Trans = np.array([[ret[2][0][0]],[-ret[2][1][0]],[-ret[2][2][0]]])\n",
    "        \"\"\"\n",
    "        \n",
    "        \n",
    "        Pts_1,Pts_2,Pts3D_1,Pts3D_2 = \\\n",
    "         Calc_3DPts(prev[2],Pts_1,curr[2],Pts_2,f,base,cx,cy,16)\n",
    "\n",
    "        if inlier_detection == \"Outlier\":\n",
    "            Pts_1F, Pts_2F, Pts3D_1F, Pts3D_2F = \\\n",
    "             find_bestPts_OR(Pts_1,Pts_2,Pts3D_1,Pts3D_2,nPts_opt)\n",
    "        elif inlier_detection == \"Inlier\":\n",
    "            clique = find_bestPts_ID(Pts3D_1,Pts3D_2,nPts_opt)\n",
    "            Pts_1F = [Pts_1[i] for i in clique]\n",
    "            Pts_2F = [Pts_2[i] for i in clique]\n",
    "            Pts3D_1F = [Pts3D_1[i] for i in clique]\n",
    "            Pts3D_2F = [Pts3D_2[i] for i in clique]\n",
    "        else:\n",
    "            print (\"Incorrect Feature Selection Method\")\n",
    "            sys.exit()\n",
    "        \"\"\"\n",
    "        \n",
    "        \"\"\" # To avoid using any of the above Inlier detection methods\n",
    "        Pts_1F = Pts_1\n",
    "        Pts_2F = Pts_2\n",
    "        Pts3D_1F = Pts3D_1\n",
    "        Pts3D_2F = Pts3D_2\n",
    "        \"\"\"\n",
    "        \n",
    "        \"\"\"\n",
    "        Pts_1F = np.zeros_like(Pts_1F)\n",
    "        Pts3D_2 = np.zeros_like(Pts3D_2)\n",
    "        homo = np.ones((len(Pts3D_1F),1))\n",
    "        Pts_1F = np.hstack((Pts_1F,homo))\n",
    "        Pts_2F = np.hstack((Pts_2F,homo))\n",
    "        Pts3D_1F = np.hstack((Pts3D_1F,homo))\n",
    "        Pts3D_2F = np.hstack((Pts3D_2F,homo))\n",
    "\n",
    "        # Running the optimization\n",
    "        dSeed = np.zeros(len(Pts3D_1F))\n",
    "        optRes = least_squares(mini, dSeed, method='lm', \\\n",
    "              max_nfev=200,args=(Pts3D_1F, Pts3D_2F, Pts_1F,\\\n",
    "              Pts_2F,P1_roi))\n",
    "\n",
    "#             # Finding Rotation and Translation\n",
    "        Rmat = genEulerZXZMatrix(\\\n",
    "         optRes.x[0], optRes.x[1], optRes.x[2])\n",
    "        Trans = np.array(\\\n",
    "         [[optRes.x[3]], [optRes.x[4]], [optRes.x[5]]])\n",
    "#             print(Pt)\n",
    "        \n",
    "\n",
    "#             # Updating the odometry\n",
    "#             newPosition = trans_pnp\n",
    "        newPosition = np.vstack(\\\n",
    "         (np.hstack((Rmat,Trans)),[0, 0, 0, 1]))\n",
    "        print(\"transformation between the t-1 & t: \")\n",
    "        print(newPosition)\n",
    "        Position = np.dot(Position,newPosition)\n",
    "        print(\"Position at time t: \")\n",
    "        print(\"Ground truth position at time t : \")\n",
    "        print(Position)\n",
    "        T_ground_truth = read_ground_truth(direc,frameId)\n",
    "        print(T_ground_truth)\n",
    "\n",
    "    prev[0] = curr[0]\n",
    "    prev[1] = curr[1]\n",
    "    prev[2] = curr[2]\n",
    "    prev[3] = curr[3]\n",
    "    prevID = currID\n",
    "#     i = i + 1\n",
    "    frameId = frameId + 1\n",
    "\n",
    "\n"
   ]
  },
  {
   "cell_type": "markdown",
   "metadata": {},
   "source": [
    "## VO using Feature matching with solvePnPRansac"
   ]
  },
  {
   "cell_type": "code",
   "execution_count": 15,
   "metadata": {},
   "outputs": [
    {
     "data": {
